0.9037533333333333
0.90376
0.9092933333333333
0.9112266666666666
0.91286
0.9136933333333334
0.91456
0.91524
0.91566
0.9163666666666667
0.9163866666666667
0.9166866666666666
0.9169133333333334
0.9171133333333333
0.9172733333333334
0.9173533333333334
0.9175333333333333
0.9176133333333333
0.91772
0.9177933333333333
0.91788
0.9181333333333334
0.9180866666666667
0.9181666666666667
0.9182
0.9182533333333334
0.9182866666666667
0.9183133333333333
0.9183666666666667
0.9184133333333333
0.9185
0.91854
0.9185
0.9185666666666666
0.91858
0.9186
0.9186066666666667
0.9186066666666667
0.9185333333333333
0.91864
0.91864
0.91872
0.9187733333333333
0.9188466666666667
0.9187066666666667
0.9188066666666667
0.9188733333333333
0.9189466666666667
0.9189733333333333
0.9189333333333334
0.91888
0.9189
0.91884
0.9188666666666667
0.9188266666666667
0.9188533333333333
0.9188466666666667
0.9188466666666667
0.91882
0.9188466666666667
0.9188866666666666
0.9188933333333333
0.9188933333333333
0.9189133333333334
0.9189
0.9189266666666667
0.9189866666666666
0.9189866666666666
0.91892
0.91896
0.9189466666666667
0.91896
0.9189733333333333
0.9188866666666666
0.9189733333333333
0.9189266666666667
0.9189133333333334
0.91886
0.9189
0.9188066666666667
0.91884
0.9188
0.9188133333333334
0.91878
0.9187533333333333
0.91878
0.9187333333333333
0.9187066666666667
0.91876
0.9186333333333333
0.91862
0.9186
0.9186
0.9185733333333334
0.9185733333333334
0.9185
0.91848
0.9184666666666667
0.9185466666666666
0.9185666666666666
