0.09632666666666667
0.09630666666666667
0.09069333333333333
0.08879333333333334
0.08712
0.08628666666666666
0.08541333333333333
0.08474666666666666
0.08432
0.08362666666666667
0.0836
0.0833
0.08306666666666666
0.08288
0.08271333333333333
0.08263333333333334
0.08246
0.08237333333333334
0.08226
0.08219333333333333
0.08210666666666666
0.08185333333333333
0.08189333333333333
0.08182
0.08178666666666666
0.08174666666666666
0.0817
0.08168666666666667
0.08162
0.08157333333333333
0.08149333333333333
0.08144666666666667
0.08148666666666667
0.08142
0.0814
0.08138666666666666
0.08138
0.08138
0.08145333333333334
0.08134666666666666
0.08134666666666666
0.08126666666666667
0.08121333333333333
0.08114
0.08128
0.08118
0.08111333333333333
0.08104
0.08101333333333334
0.08105333333333334
0.08110666666666666
0.08108666666666667
0.08115333333333333
0.08112
0.08116
0.08113333333333334
0.08114
0.08114
0.08116666666666666
0.08114
0.0811
0.08109333333333334
0.08108666666666667
0.08107333333333333
0.08108666666666667
0.08106
0.081
0.08099333333333333
0.08106666666666666
0.08102666666666666
0.08104666666666667
0.08102666666666666
0.08101333333333334
0.0811
0.08101333333333334
0.08106
0.08107333333333333
0.08113333333333334
0.08108666666666667
0.08117333333333333
0.08114666666666667
0.08118666666666667
0.08117333333333333
0.08120666666666666
0.08123333333333334
0.08120666666666666
0.08125333333333333
0.08127333333333334
0.08122666666666667
0.08135333333333333
0.08136666666666667
0.08138666666666666
0.08138666666666666
0.08141333333333334
0.08141333333333334
0.08148666666666667
0.08150666666666667
0.08152
0.08144666666666667
0.08142
