0.000496
0.000488
0.000484
0.000484
0.000484
0.000484
0.000484
0.000484
0.000484
0.000484
0.000484
0.000484
0.000484
0.000484
0.000484
0.000484
0.000484
0.000484
0.000484
0.000484
0.000484
0.000484
0.000484
0.000484
0.000484
0.000484
0.000484
0.000484
0.000484
0.000484
0.000484
0.000484
0.000484
0.000484
0.000484
0.000484
0.000484
0.000484
0.000484
0.000484
0.000484
0.000484
0.000484
0.000484
0.000484
0.000484
0.000484
0.000484
0.000484
0.000484
0.000484
0.000484
0.000484
0.000484
0.000484
0.000484
0.000484
0.000484
0.000484
0.000484
0.000484
0.000484
0.000484
0.000484
0.000484
0.000484
0.000484
0.000484
0.000484
0.000484
0.000484
0.000484
0.000484
0.000484
0.000484
0.000484
0.000484
0.000484
0.000484
0.000484
0.000484
0.000484
0.000484
0.000484
0.000484
0.000484
0.000484
0.000484
0.000484
0.000484
0.000484
0.000484
0.000484
0.000484
0.000484
0.000484
0.000484
0.000484
0.000484
0.000484
